1	Samsung_Galaxy_J5	10500   12390	10200	11900	10300	12000
2	Samsung_Galaxy_Note_3	20600   25999	20000	25400	19000	25300
3	Samsung_Galaxy_A5	15500	18990	5	18889	15500	19190	
4	Samsung_Galaxy_Grand	6900    8990 	7000	8700	6900	8800
5	Samsung_Metro_360	3000    3490 	3100	3590	3200	3690
6	Samsung_Galaxy_S6	50000   55305	49000	55000	49500	55100
7	HTC_Desire_326G_DS	6990    8066 	7090	8166	6890	7966
8	HTC_One_E9+		30400   32500	30200	32300	30300	32400
9	HTC_Desire_620		10500	11299	10600	11400	10700	11200
10	HTC_Desire_820S		20000	22990	20500	23100	20300	23200
11	HTC_Desire_826		21800	24450	21600	24200	21700	24300
12	HTC_Desire_516		6000	7499	6100	7600	6200	7700
13	Sony_Xperia_C4_Dual	18000	21850	19000	23000	18500	22000
14	Sony_Xperia_Z_Ultra	22900	25900	23000	25500	22800	25300
15	Sony_Xperia_C3		13000	15500	13100	15400	12900	15600
16	Sony_Xperia_M4		15000	17380	14500	18000	14800	17000
17	Sony_Xperia_Z2		24000	26990	24000	26850	24100	26900
18	Sony_Xperia_Sola	10500	12390	10500	12600	9000	10000	
19	Apple_iphone_6s		60000	64000	50000	65000	61000	25000	
20	apple_iphone_6s	0	0	0	0	0	0
-1	Dell_Inspiron_5548	51000	53000	45000	51000	52000	53000		
2	Dell_inspiron_5558	56000	60000	52000	57000	53000	59000	
3	Dell_vostro		70000	75000	68000	71000	68000	69000	
4	Dell_Alien	100000	110000	100000	110001	110000	120000		
5	Hp_Pavillon_ab035tx	56000	60000	60000	67000	61000	65000	
6	Lenovo_z50	52000	57000	0	0	0	0	
-1	Whirlpool_FP_263D_PROTTON_ROY 	15000	25000	12120	13000	15000	18000	
2	Samsung_RT27JARYESA		25000	28000	31000	32000	26000	28000
3	LG_GL_B205KWCL		28000	31000	21000	25000	35000	38000			
-1	Godrej_GSC_18FX3 	25000	26000	24000	26000	21000	23000
2	Hitachi_RAU318HVDOB	21000	22000	23000	25000	26000	28000
3	Onida_S123PBL 		25000	26000	21000	22000	23000	24000
-1	nikon_coolpix	6000	7000	5000	6500	5200	5900	
2	Sony_Cybeshot	7000	8000	6000	6500	4000	5500
3	Canon		8000	9000	8000	9200	7500	8800
-1	Samsung_WA80E5XEC	12300	13490	12400	13600	12200	13400
2	LG_T72CMG22P		15000	16490	15100	16500	15200	16600
3	Whirlpool_WM_702SD	17000	18990	16800	18700	16900	18900
4	LG_T7208TDDLH		16000	17490	16200	17500	16300	17300
-



















